RadTan 1504.66 1498.89 631.17 531.93 -0.226738 0.151453 0.0000365 -0.000091
1280 960
crop
1280 960
---
SN: "12380091"
K: !!opencv-matrix
   rows: 3
   cols: 3
   dt: d
   data: [ 1.5046586355037973e+03, 0., 6.3116662099932125e+02, 0.,
       1.4988887732508686e+03, 5.3193061758168676e+02, 0., 0., 1. ]
D: !!opencv-matrix
   rows: 1
   cols: 5
   dt: d
   data: [ -2.2673795674855951e-01, 1.5145262727594205e-01,
       3.6523703712968862e-04, -9.1031634870100534e-04,
       5.5060437297331705e-02 ]
