image_width: 1280
image_height: 1024
camera_name: "12380091"
camera_matrix:
  rows: 3
  cols: 3
  data: [1635.808207, 0.000000, 717.150300, 0.000000, 1625.190317, 519.367406, 0.000000, 0.000000, 1.000000]
distortion_model: plumb_bob
distortion_coefficients:
  rows: 1
  cols: 5
  data: [-0.116014, -0.060725, -0.002164, 0.009117, 0.000000]
rectification_matrix:
  rows: 3
  cols: 3
  data: [1.000000, 0.000000, 0.000000, 0.000000, 1.000000, 0.000000, 0.000000, 0.000000, 1.000000]
projection_matrix:
  rows: 3
  cols: 4
  data: [1595.562866, 0.000000, 728.087513, 0.000000, 0.000000, 1606.044922, 518.457499, 0.000000, 0.000000, 0.000000, 1.000000, 0.000000]
