image_width: 1280
image_height: 1024
camera_name: "12292554"
camera_matrix:
  rows: 3
  cols: 3
  data: [1651.673557, 0.000000, 706.959437, 0.000000, 1632.321859, 502.528603, 0.000000, 0.000000, 1.000000]
distortion_model: plumb_bob
distortion_coefficients:
  rows: 1
  cols: 5
  data: [-0.157285, 0.137908, -0.004761, 0.015656, 0.000000]
rectification_matrix:
  rows: 3
  cols: 3
  data: [1.000000, 0.000000, 0.000000, 0.000000, 1.000000, 0.000000, 0.000000, 0.000000, 1.000000]
projection_matrix:
  rows: 3
  cols: 4
  data: [1607.360840, 0.000000, 722.129823, 0.000000, 0.000000, 1611.299561, 499.682368, 0.000000, 0.000000, 0.000000, 1.000000, 0.000000]
